camera_matrix:
- [812.1979560440768, 0.0, 318.6767940177478]
- [0.0, 811.4603063454691, 239.80803890893506]
- [0.0, 0.0, 1.0]
dist_coeff:
- [-0.10141872403484149, 0.36190501015750526, -0.00015281366756018933, 0.0020894912078739634,
  0.039801957401922335]
